XB6::camera_link_1', 'XB6::camera_link_2', 'XB6::camera_link_3':
    position: 
      x: 1.5
      y: 0.0
      z: 0.55
    orientation: 
      x: 3.50000464375e-06
      y: 3.49999535619e-06
      z: 0.999999999987
      w: 1.32678264666e-06
  - 
    position: 
      x: -2.22044604925e-16
      y: -1.5
      z: 0.55
    orientation: 
      x: 0.0
      y: 0.0
      z: 0.707108079859
      w: 0.707105482511
  - 
    position: 
      x: -2.22044604925e-16
      y: 5.29395592034e-23
      z: 1.9
    orientation: 
      x: 5.93570830084e-12
      y: 0.707109018043
      z: 5.93570830084e-12
      w: 0.707104544323


camera1:
D: [0.0, 0.0, 0.0, 0.0, 0.0]
K: [133.47686340839743, 0.0, 112.5, 0.0, 133.47686340839743, 112.5, 0.0, 0.0, 1.0]
R: [1.0, 0.0, 0.0, 0.0, 1.0, 0.0, 0.0, 0.0, 1.0]
P: [133.47686340839743, 0.0, 112.5, -0.0, 0.0, 133.47686340839743, 112.5, 0.0, 0.0, 0.0, 1.0, 0.0]

camera2:
D: [0.0, 0.0, 0.0, 0.0, 0.0]
K: [133.47686340839743, 0.0, 112.5, 0.0, 133.47686340839743, 112.5, 0.0, 0.0, 1.0]
R: [1.0, 0.0, 0.0, 0.0, 1.0, 0.0, 0.0, 0.0, 1.0]
P: [133.47686340839743, 0.0, 112.5, -0.0, 0.0, 133.47686340839743, 112.5, 0.0, 0.0, 0.0, 1.0, 0.0]

camera3:
D: [0.0, 0.0, 0.0, 0.0, 0.0]
K: [133.47686340839743, 0.0, 112.5, 0.0, 133.47686340839743, 112.5, 0.0, 0.0, 1.0]
R: [1.0, 0.0, 0.0, 0.0, 1.0, 0.0, 0.0, 0.0, 1.0]
P: [133.47686340839743, 0.0, 112.5, -0.0, 0.0, 133.47686340839743, 112.5, 0.0, 0.0, 0.0, 1.0, 0.0]


camera_means: [[0.6909308, 0.6909225, 0.6909242], [0.6889795, 0.6889712, 0.68897295], [0.6940723, 0.6940723, 0.6940723]]
camera_std: [[0.0400789, 0.040085394, 0.04008183], [0.047941163, 0.04794619, 0.04794335], [0.02831407, 0.02831407, 0.02831407]]

(56,56)
camera1 joint1 28.125,28.125
camera2 joint1 28.125,34.79884317
camera3 joint1 28.125,34.79884317

0 | 0.000000,0.000000,0.200000 | 0.030000,0.000000,0.380000 | 0.030000,0.000000,0.720000 | 0.150000,0.000000,0.755000 | 0.375000,0.000000,0.755000 | 0.465000,0.000000,0.755000
9 | 0.000000,0.000000,0.200000 | 0.029874,-0.002752,0.380000 | -0.305885,0.028175,0.423698 | -0.201347,0.018546,0.491550 | 0.013349,-0.001230,0.555890 | 0.033281,-0.088622,0.563964
10 | -0.000000,-0.000000,0.200000 | -0.015225,0.025849,0.380000 | -0.044914,0.076254,0.714930 | -0.076971,0.130680,0.607064 | -0.104776,0.177886,0.388836 | -0.146747,0.125017,0.448361

9 | 0.885814 | -0.091852 | -1.441917 | 2.063365 | -1.568093 | 1.242607
10 | 1.643832 | 2.103091 | 0.172913 | 2.810962 | 1.428433 | 3.119301